%YAML:1.0
calibration_time: "Wednesday 02 July 2014 03:39:34 PM IST"
nframes: 10
image_width: 640
image_height: 480
board_width: 4
board_height: 6
square_size: 2.9999999329447746e-02
flags: 0
camera_matrix: !!opencv-matrix
   rows: 3
   cols: 3
   dt: d
   data: [ 7.1236688320433836e+02, 0., 3.1205375966381860e+02, 0.,
       7.1174388899878568e+02, 2.4622616989224267e+02, 0., 0., 1. ]
distortion_coefficients: !!opencv-matrix
   rows: 5
   cols: 1
   dt: d
   data: [ 1.1059018344939507e-01, -3.3182364005786578e-02,
       7.3855754548257111e-03, 5.7531519096468160e-03,
       -1.4757081234570928e+00 ]
avg_reprojection_error: 1.0005893324972932e+00
per_view_reprojection_errors: !!opencv-matrix
   rows: 10
   cols: 1
   dt: f
   data: [ 1.58614957e+00, 1.53271592e+00, 8.82513583e-01,
       2.49756724e-01, 2.84889311e-01, 3.39907706e-01, 5.45570016e-01,
       6.00764453e-01, 1.78030443e+00, 5.29853761e-01 ]
# a set of 6-tuples (rotation vector + translation vector) for each view
extrinsic_parameters: !!opencv-matrix
   rows: 10
   cols: 6
   dt: d
   data: [ 4.7908031538064166e-02, -2.6642623358916744e-02,
       8.0944277117344632e-01, -2.4733858023504871e-03,
       -9.4871594937445500e-02, 2.8499009369956418e-01,
       4.8866969910035474e-02, 8.2059587851679317e-03,
       7.9487793678440832e-01, -1.7351432937420359e-03,
       -9.7053307169140221e-02, 2.9512948969012859e-01,
       6.0642648046751797e-02, -1.2820152909381169e-01,
       -1.3829207843279447e+00, -7.4488889504841047e-02,
       3.9392031074565438e-02, 2.3422738795503817e-01,
       7.9985792870420361e-02, -9.9785789899864821e-02,
       1.5008246461813204e+00, 6.5730134141791158e-02,
       -4.2680646594268741e-02, 2.7584069914659665e-01,
       8.8815861448760913e-02, -7.8529966527623674e-02,
       1.5011900024052607e+00, 1.0343533791805058e-01,
       -4.0545762736347947e-02, 2.7050829687822436e-01,
       1.1726978231214685e-01, -2.3121617820464610e-02,
       1.5069156063494173e+00, 6.6505926236495524e-02,
       -3.1884268064868375e-02, 2.4713118612627591e-01,
       1.3876951629446860e-01, -2.7163709763969229e-02,
       1.5106073031105460e+00, 8.2003580315594599e-02,
       -4.2027164744060659e-02, 2.5363671444019831e-01,
       -9.4300896512969046e-01, 3.2080001291445392e-01,
       2.0587527021613741e-01, 5.7716458969570561e-03,
       -6.5503132972236616e-02, 3.0119002261579142e-01,
       -8.4575326267731910e-01, 6.3276175240075050e-01,
       1.1699769286259625e+00, 7.0712504087409603e-02,
       -5.1751181798868402e-02, 2.8398737741051305e-01,
       -2.6673272459644010e-01, 5.8306077583759186e-01,
       9.0438713064196241e-01, 7.7091538117241523e-02,
       -9.1820318350236491e-02, 3.2045956559918742e-01 ]
image_points: !!opencv-matrix
   rows: 10
   cols: 24
   dt: "2f"
   data: [ 3.04464600e+02, 8.19408798e+00, 3.56661774e+02,
       6.39323959e+01, 4.08432922e+02, 1.18870186e+02, 4.60473419e+02,
       1.73467468e+02, 2.49113846e+02, 6.21906090e+01, 3.01528625e+02,
       1.17493752e+02, 3.53494476e+02, 1.72025345e+02, 4.05232971e+02,
       2.26380478e+02, 1.98530685e+02, 1.11257629e+02, 2.50609421e+02,
       1.66472656e+02, 3.02366852e+02, 2.20758621e+02, 3.53716736e+02,
       2.75105865e+02, 1.44880005e+02, 1.63212799e+02, 1.96942001e+02,
       2.17845093e+02, 2.48617554e+02, 2.71918213e+02, 2.99904938e+02,
       3.25664581e+02, 9.07590027e+01, 2.15370346e+02, 1.43078232e+02,
       2.69542694e+02, 1.94702805e+02, 3.23276367e+02, 2.45940170e+02,
       3.76730408e+02, 3.76806602e+01, 2.66632111e+02, 8.97988586e+01,
       3.20528076e+02, 1.41460648e+02, 3.73931305e+02, 1.92956741e+02,
       4.27173645e+02, 3.06080750e+02, 1.16595755e+01, 3.57827820e+02,
       6.38393173e+01, 4.09481750e+02, 1.15586517e+02, 4.61476898e+02,
       1.67704834e+02, 2.53764725e+02, 6.47421570e+01, 3.05253662e+02,
       1.16613640e+02, 3.56579895e+02, 1.68391815e+02, 4.08125641e+02,
       2.20128403e+02, 2.05946091e+02, 1.12781799e+02, 2.56785278e+02,
       1.64855133e+02, 3.07694275e+02, 2.16406631e+02, 3.58389923e+02,
       2.68343658e+02, 1.55355057e+02, 1.63592590e+02, 2.05774506e+02,
       2.15350922e+02, 2.56343719e+02, 2.66658234e+02, 3.06644440e+02,
       3.18370056e+02, 1.04349495e+02, 2.14397858e+02, 1.54708878e+02,
       2.65640228e+02, 2.04865936e+02, 3.17015900e+02, 2.54899673e+02,
       3.68489258e+02, 5.44821167e+01, 2.64326843e+02, 1.04497047e+02,
       3.15374756e+02, 1.54351532e+02, 3.66336060e+02, 2.04251465e+02,
       4.17715179e+02, 8.53587036e+01, 3.67699249e+02, 1.02941948e+02,
       2.76486328e+02, 1.20658989e+02, 1.87419281e+02, 1.38989822e+02,
       9.84467773e+01, 1.76952209e+02, 3.82444397e+02, 1.93476166e+02,
       2.92991882e+02, 2.09945084e+02, 2.05193588e+02, 2.27139267e+02,
       1.18514069e+02, 2.65140533e+02, 3.97093933e+02, 2.80415131e+02,
       3.08369843e+02, 2.96038696e+02, 2.22588638e+02, 3.12496124e+02,
       1.36853531e+02, 3.51590729e+02, 4.11474396e+02, 3.66026825e+02,
       3.24222534e+02, 3.80677094e+02, 2.39294235e+02, 3.96323639e+02,
       1.54624680e+02, 4.36655426e+02, 4.26069092e+02, 4.50146240e+02,
       3.39630554e+02, 4.64215179e+02, 2.55529526e+02, 4.78985657e+02,
       1.71774475e+02, 5.20635559e+02, 4.40317108e+02, 5.33079468e+02,
       3.54435425e+02, 5.46284851e+02, 2.71297394e+02, 5.60292236e+02,
       1.88336807e+02, 4.83471039e+02, 1.35379089e+02, 4.86578308e+02,
       2.13409744e+02, 4.89877930e+02, 2.88902649e+02, 4.93233093e+02,
       3.63988373e+02, 4.05049164e+02, 1.41169647e+02, 4.09217255e+02,
       2.18534760e+02, 4.13367798e+02, 2.93796326e+02, 4.17583527e+02,
       3.68580261e+02, 3.27169312e+02, 1.46589447e+02, 3.32183685e+02,
       2.24104080e+02, 3.37252991e+02, 2.98849365e+02, 3.42221558e+02,
       3.73491608e+02, 2.49671509e+02, 1.52053391e+02, 2.55708176e+02,
       2.29327393e+02, 2.61399231e+02, 3.04336029e+02, 2.66950134e+02,
       3.78708588e+02, 1.72252975e+02, 1.57265411e+02, 1.79057358e+02,
       2.34552551e+02, 1.85464264e+02, 3.09649872e+02, 1.91756226e+02,
       3.84412872e+02, 9.37949982e+01, 1.62296753e+02, 1.01475899e+02,
       2.39770752e+02, 1.08690582e+02, 3.15172821e+02, 1.15819244e+02,
       3.89900330e+02, 5.88792786e+02, 1.38973602e+02, 5.91669189e+02,
       2.18619522e+02, 5.93937500e+02, 2.96364075e+02, 5.96019165e+02,
       3.73246155e+02, 5.07395844e+02, 1.44219818e+02, 5.10616241e+02,
       2.23596252e+02, 5.14019714e+02, 3.00871796e+02, 5.17494629e+02,
       3.77720673e+02, 4.27402893e+02, 1.50188843e+02, 4.31391571e+02,
       2.28829086e+02, 4.35547546e+02, 3.05576843e+02, 4.39867065e+02,
       3.82137817e+02, 3.47757812e+02, 1.55831329e+02, 3.52758209e+02,
       2.34418289e+02, 3.57695282e+02, 3.10500854e+02, 3.62741150e+02,
       3.86564728e+02, 2.69544128e+02, 1.61325882e+02, 2.75258698e+02,
       2.39518265e+02, 2.80693909e+02, 3.15601074e+02, 2.86338501e+02,
       3.91467590e+02, 1.91453949e+02, 1.66642242e+02, 1.97795746e+02,
       2.44651703e+02, 2.04122192e+02, 3.20780640e+02, 2.10145691e+02,
       3.96631866e+02, 5.06279022e+02, 1.53874939e+02, 5.10279968e+02,
       2.40983017e+02, 5.13851379e+02, 3.25852966e+02, 5.17790405e+02,
       4.10064697e+02, 4.17029053e+02, 1.59754120e+02, 4.21530212e+02,
       2.45723053e+02, 4.26359039e+02, 3.29427948e+02, 4.30954865e+02,
       4.13307861e+02, 3.31396057e+02, 1.65789368e+02, 3.36596649e+02,
       2.50594147e+02, 3.41837280e+02, 3.33515808e+02, 3.47319763e+02,
       4.16388123e+02, 2.46650742e+02, 1.71500961e+02, 2.52728195e+02,
       2.55750107e+02, 2.58701019e+02, 3.37790253e+02, 2.64556366e+02,
       4.20099640e+02, 1.63773712e+02, 1.77014954e+02, 1.70528046e+02,
       2.60756622e+02, 1.76716644e+02, 3.42475769e+02, 1.83132263e+02,
       4.24149017e+02, 8.15526352e+01, 1.82549133e+02, 8.86919098e+01,
       2.65657928e+02, 9.56764069e+01, 3.47123566e+02, 1.02768631e+02,
       4.28247467e+02, 5.45234802e+02, 1.28364197e+02, 5.48256836e+02,
