%YAML:1.0
calibration_time: "Tuesday 01 July 2014 02:00:31 PM IST"
nframes: 10
image_width: 640
image_height: 480
board_width: 4
board_height: 6
square_size: 2.9999999329447746e-02
flags: 0
camera_matrix: !!opencv-matrix
   rows: 3
   cols: 3
   dt: d
   data: [ 6.2450496674720318e+02, 0., 3.3942990206607737e+02, 0.,
       6.2840649468782669e+02, 2.8295672340709729e+02, 0., 0., 1. ]
distortion_coefficients: !!opencv-matrix
   rows: 5
   cols: 1
   dt: d
   data: [ -1.8527699535194184e-01, 1.4450885977583618e+00,
       -7.5199170139581429e-04, 7.1804412222664744e-03,
       -6.3572490703916591e+00 ]
avg_reprojection_error: 1.3099378135088873e+00
per_view_reprojection_errors: !!opencv-matrix
   rows: 10
   cols: 1
   dt: f
   data: [ 1.82991755e+00, 4.49782312e-01, 1.02520633e+00,
       6.83412611e-01, 3.07057858e+00, 3.26412529e-01, 7.07863271e-01,
       8.66595447e-01, 8.23279202e-01, 7.90899694e-01 ]
# a set of 6-tuples (rotation vector + translation vector) for each view
extrinsic_parameters: !!opencv-matrix
   rows: 10
   cols: 6
   dt: d
   data: [ -2.2849083008106882e-01, -1.0260523159479355e-01,
       -6.8496478282478934e-01, -1.1971570886678196e-01,
       7.3114271202714956e-03, 4.7076746112876444e-01,
       -3.4222529673470548e-01, -2.6829306549694060e-01,
       -7.1065994534171750e-01, -1.0048303897088277e-01,
       -8.0197177601844406e-03, 4.3592301850413800e-01,
       -4.9447664032100630e-01, 3.1967065242790316e-01,
       1.2653964322628617e+00, -1.8916383100654813e-02,
       3.5051306919486893e-03, 4.3685381297366815e-01,
       -6.2335492284860861e-01, 3.9626904255705381e-01,
       1.1791285399039448e+00, -2.3262024246496597e-02,
       6.9798213225740939e-03, 4.5515408915633826e-01,
       -3.1101100426442602e-01, 2.4206600682790333e-01,
       1.1655928691575781e+00, -2.4973501186661123e-02,
       -1.7235562122501200e-02, 4.2108612151939745e-01,
       -3.0707703621978655e-01, 8.8494705274836494e-02,
       1.3278347960922715e-01, -1.1808884447739461e-01,
       -6.2491989690548234e-02, 4.5306460976783086e-01,
       -2.2324618032808130e-01, -7.5251986794566447e-02,
       -6.2498525813245509e-01, -6.4347721451487122e-02,
       -5.7277742656545637e-02, 4.2644610313249209e-01,
       -3.7058497544842495e-01, 8.5430818049824297e-01,
       1.4720161881004639e+00, 1.4887213982681219e-01,
       6.0019151233348510e-03, 4.1537228173616819e-01,
       -3.6274348380998261e-01, 8.2658718841383372e-01,
       1.4512966915506682e+00, 1.4743039825278870e-01,
       3.4936568822447559e-03, 4.1997224088630153e-01,
       -2.2728059895456759e-01, 7.6030265515653728e-01,
       1.2223371018224076e+00, 1.0755382321249765e-01,
       -1.4042057848801266e-02, 4.0060070953671650e-01 ]
image_points: !!opencv-matrix
   rows: 10
   cols: 24
   dt: "2f"
   data: [ 1.82289581e+02, 2.92526947e+02, 2.14052139e+02,
       2.68275330e+02, 2.44788193e+02, 2.44711899e+02, 2.75659363e+02,
       2.21637894e+02, 2.05413635e+02, 3.23197205e+02, 2.37360046e+02,
       2.98036987e+02, 2.68572083e+02, 2.73746704e+02, 2.99326569e+02,
       2.49878479e+02, 2.29058350e+02, 3.54261322e+02, 2.61420197e+02,
       3.28440491e+02, 2.92661377e+02, 3.03401154e+02, 3.23630615e+02,
       2.78700012e+02, 2.53655197e+02, 3.86691803e+02, 2.86283966e+02,
       3.59818817e+02, 3.17868958e+02, 3.34159424e+02, 3.48848419e+02,
       3.08601196e+02, 2.78970917e+02, 4.19903687e+02, 3.11902039e+02,
       3.92294556e+02, 3.43661774e+02, 3.65640869e+02, 3.74909637e+02,
       3.39441589e+02, 307., 443., 3.38445465e+02, 4.25688599e+02,
       3.70350464e+02, 3.98310272e+02, 4.01750946e+02, 3.71130280e+02,
       1.97488617e+02, 2.71396301e+02, 2.30712540e+02, 2.47056000e+02,
       2.62311340e+02, 2.23914658e+02, 2.92726654e+02, 2.01809311e+02,
       2.24332809e+02, 3.01953217e+02, 2.57469086e+02, 2.76429718e+02,
       2.88890564e+02, 2.52392319e+02, 3.19339508e+02, 2.29121048e+02,
       2.51627197e+02, 3.33526825e+02, 2.84822510e+02, 3.06598389e+02,
       3.16335114e+02, 2.81460693e+02, 3.46534607e+02, 2.57230835e+02,
       2.80324585e+02, 3.66187805e+02, 3.13338013e+02, 3.38171234e+02,
       3.44635590e+02, 3.11678986e+02, 3.74890259e+02, 2.86217041e+02,
       3.09975403e+02, 4.00233032e+02, 3.43012085e+02, 3.70762756e+02,
       3.74234955e+02, 3.43124237e+02, 4.04165649e+02, 3.16541687e+02,
       3.40692261e+02, 4.35419617e+02, 3.73517792e+02, 4.04593811e+02,
       4.04507965e+02, 3.75659393e+02, 4.34451080e+02, 3.47666077e+02,
       3.11746674e+02, 2.88976166e+02, 3.23357117e+02, 3.25360809e+02,
       3.35737793e+02, 3.64598969e+02, 3.48991150e+02, 4.06831726e+02,
       2.70447540e+02, 2.97788696e+02, 2.80613098e+02, 3.35124359e+02,
       2.91593811e+02, 3.75383545e+02, 3.03384155e+02, 4.18555054e+02,
       2.28658218e+02, 3.06971649e+02, 2.37318893e+02, 3.44969238e+02,
       2.46691650e+02, 3.86160583e+02, 2.56881134e+02, 4.30377258e+02,
       1.85281448e+02, 3.16588196e+02, 1.92592773e+02, 3.55601990e+02,
       2.00414871e+02, 3.97580719e+02, 2.08746552e+02, 4.42628113e+02,
       1.41621475e+02, 3.26514984e+02, 1.47509964e+02, 3.66251495e+02,
       1.53633408e+02, 4.09045654e+02, 1.60508331e+02, 4.54808655e+02,
       9.94770126e+01, 3.36307037e+02, 1.04184959e+02, 3.76533447e+02,
       1.09557655e+02, 4.20078247e+02, 1.15094337e+02, 4.66241272e+02,
       3.07467957e+02, 2.93355103e+02, 3.20817505e+02, 3.24703461e+02,
       3.35548065e+02, 3.59069489e+02, 3.51432922e+02, 3.96069794e+02,
       2.68014221e+02, 3.03360474e+02, 2.80057831e+02, 3.35518005e+02,
       2.93108215e+02, 3.70836121e+02, 3.07371185e+02, 4.09220276e+02,
       2.27731476e+02, 3.13418976e+02, 2.38216766e+02, 3.46798096e+02,
       2.49756775e+02, 3.83264557e+02, 2.62266205e+02, 4.22560059e+02,
       1.85802185e+02, 3.24338409e+02, 1.94935226e+02, 3.58606445e+02,
       2.04538971e+02, 3.96034454e+02, 2.15267410e+02, 4.36764008e+02,
       1.43487137e+02, 3.35446411e+02, 1.50762146e+02, 3.70830475e+02,
       1.58801025e+02, 4.09407104e+02, 1.67546021e+02, 4.50951324e+02,
       1.02331543e+02, 3.46610870e+02, 1.08395248e+02, 3.82683533e+02,
       1.14933418e+02, 4.22160675e+02, 1.22297791e+02, 4.64519348e+02,
       3.01572968e+02, 2.57449310e+02, 3.18289642e+02, 2.95822998e+02,
       3.35855042e+02, 3.36578613e+02, 3.54072968e+02, 3.79368713e+02,
       2.60534637e+02, 2.73110657e+02, 2.76546906e+02, 3.12526367e+02,
       2.93209106e+02, 3.54088348e+02, 3.10122437e+02, 3.97575745e+02,
       2.19282501e+02, 2.89041962e+02, 2.34183777e+02, 3.29343384e+02,
       2.49681717e+02, 3.71864227e+02, 2.66116882e+02, 4.16284607e+02,
       1.76622711e+02, 3.05712189e+02, 1.90498917e+02, 3.46738098e+02,
       2.05316544e+02, 3.89881958e+02, 2.20410690e+02, 4.35246094e+02,
       1.33627991e+02, 3.22514465e+02, 1.46703308e+02, 3.64339294e+02,
       1.60348709e+02, 4.08208893e+02, 1.63257492e+02, 4.49857361e+02,
       9.25888367e+01, 3.38549591e+02, 1.05196457e+02, 3.80850159e+02,
       1.18410088e+02, 4.25340729e+02, 137., 460., 1.79290604e+02,
       1.96961319e+02, 2.18222778e+02, 2.01106384e+02, 2.57384766e+02,
       2.05217682e+02, 2.98124023e+02, 2.09825775e+02, 1.70233688e+02,
       2.35123550e+02, 2.09768906e+02, 2.39651993e+02, 2.49649200e+02,
       2.44340118e+02, 2.91185516e+02, 2.49118317e+02, 1.60706253e+02,
       2.74618225e+02, 2.01126862e+02, 2.79482635e+02, 2.41928802e+02,
       2.84496033e+02, 2.83923157e+02, 2.89885010e+02, 1.51016373e+02,
       3.15656036e+02, 1.91999176e+02, 3.21093414e+02, 2.33653366e+02,
       3.26635956e+02, 2.76654510e+02, 3.32419159e+02, 1.41154678e+02,
       3.58326141e+02, 1.82687622e+02, 3.64213745e+02, 2.25262253e+02,
       3.70438965e+02, 2.69074127e+02, 3.76827667e+02, 1.30950943e+02,
       4.02449982e+02, 1.73386108e+02, 4.09073517e+02, 2.16429810e+02,
       4.15781616e+02, 2.61201385e+02, 4.22641479e+02, 2.47465790e+02,
       1.99053589e+02, 2.82426788e+02, 1.74572296e+02, 3.17225830e+02,
