%YAML:1.0
calibration_time: "Thursday 03 July 2014 07:05:15 PM IST"
nframes: 10
image_width: 640
image_height: 480
board_width: 4
board_height: 6
square_size: 2.9999999329447746e-02
flags: 0
camera_matrix: !!opencv-matrix
   rows: 3
   cols: 3
   dt: d
   data: [ 7.0654464239279298e+02, 0., 3.1340888459132208e+02, 0.,
       7.1284611852788908e+02, 1.7267061728467536e+02, 0., 0., 1. ]
distortion_coefficients: !!opencv-matrix
   rows: 5
   cols: 1
   dt: d
   data: [ -2.7180874078282291e-01, 2.8252380407657807e+00,
       -8.0747663411988701e-03, -3.8375380692768322e-03,
       -9.6652521918057328e+00 ]
avg_reprojection_error: 1.0043183732050180e+00
per_view_reprojection_errors: !!opencv-matrix
   rows: 10
   cols: 1
   dt: f
   data: [ 4.91350085e-01, 8.20516765e-01, 6.48759007e-01,
       5.43181658e-01, 1.00529051e+00, 1.09104621e+00, 2.39171314e+00,
       5.52143753e-01, 3.74434739e-01, 2.99331754e-01 ]
# a set of 6-tuples (rotation vector + translation vector) for each view
extrinsic_parameters: !!opencv-matrix
   rows: 10
   cols: 6
   dt: d
   data: [ 1.5854879111563977e-03, -1.3979890804729502e-02,
       1.4916237173127795e+00, 1.2025326372974304e-01,
       -3.9787939916354022e-02, 3.2941035605777064e-01,
       -4.5152382493420171e-03, -4.7364204610289708e-02,
       -1.4069745447675402e-01, -1.1357106131726530e-01,
       -5.3035504611273966e-02, 3.1004177897749891e-01,
       -7.0488866419535653e-02, -2.3180722981202252e-02,
       1.3566070430519457e+00, 9.6278936104128160e-02,
       -4.4411083227473211e-02, 3.2234670375686092e-01,
       -2.3546291936980268e-02, -1.9220062474724652e-02,
       -2.2090135814765330e-01, -1.0341071623170396e-01,
       -2.8151231751298383e-02, 3.0965047831708159e-01,
       -3.6789667269394999e-01, 3.9513582787561535e-02,
       -3.9403852086617364e-01, -1.3064997731763034e-01,
       -1.6434522367957952e-02, 3.1324815323595512e-01,
       1.4628109847585941e-01, 1.1244169653399286e-01,
       4.8876425202023510e-02, 9.1900507837634898e-03,
       -4.9320601965665616e-02, 2.8783041565303469e-01,
       2.3288040446776970e-01, -6.0934447820181016e-02,
       1.0327620627178382e+00, 2.3940714424283353e-02,
       -6.7270091065799134e-02, 3.1270337611177873e-01,
       1.2959678909878844e-01, 2.0389712398127185e-01,
       -4.6295427143592893e-01, -7.3208369360270767e-02,
       -3.4077980746868311e-02, 3.5695334622028002e-01,
       9.7082760686043179e-01, -3.9244566409605064e-01,
       2.3295455666654225e-01, -1.1816002709134879e-01,
       -6.8887641888614459e-02, 2.9854804482024183e-01,
       9.5654391677770412e-01, -3.8882857563618078e-01,
       2.4725297236762958e-01, -1.2255375573164183e-01,
       -6.4152653422605829e-02, 2.9845456580793889e-01 ]
image_points: !!opencv-matrix
   rows: 10
   cols: 24
   dt: "2f"
   data: [ 5.68042847e+02, 8.66000290e+01, 5.72592896e+02,
       1.50958496e+02, 5.76688660e+02, 2.14495468e+02, 5.80635132e+02,
       2.77943329e+02, 5.05560608e+02, 9.13080292e+01, 5.10315796e+02,
       1.55879120e+02, 5.14495789e+02, 2.19788223e+02, 5.18972656e+02,
       2.83503265e+02, 4.42165802e+02, 9.63020401e+01, 4.46482025e+02,
       1.61133667e+02, 4.51007324e+02, 2.25425461e+02, 4.55688873e+02,
       2.89316956e+02, 3.79555725e+02, 1.02048531e+02, 3.84270050e+02,
       1.66507248e+02, 3.88682159e+02, 2.30663651e+02, 3.93599304e+02,
       2.94499969e+02, 3.15136810e+02, 1.07423302e+02, 3.20163177e+02,
       1.71976120e+02, 3.25011627e+02, 2.36049057e+02, 3.29765320e+02,
       2.99691528e+02, 2.50383148e+02, 1.12896210e+02, 2.55491623e+02,
       1.77252548e+02, 2.60550140e+02, 2.41256775e+02, 2.65546722e+02,
       3.04882477e+02, 5.60018120e+01, 5.16273804e+01, 1.23755325e+02,
       4.14089470e+01, 1.91098007e+02, 3.20535736e+01, 2.59380005e+02,
       2.26517506e+01, 6.53536377e+01, 1.19771599e+02, 1.33202820e+02,
       1.09996246e+02, 2.00825012e+02, 1.00315872e+02, 2.68475769e+02,
       9.09309540e+01, 7.49042053e+01, 1.87470459e+02, 1.43141739e+02,
       1.77462860e+02, 2.10217285e+02, 1.67989960e+02, 2.77885010e+02,
       1.58313431e+02, 8.48091812e+01, 2.55040848e+02, 1.52404434e+02,
       2.45027222e+02, 2.19975189e+02, 2.35160263e+02, 2.87277710e+02,
       2.25304901e+02, 9.48298569e+01, 3.21897369e+02, 1.62186386e+02,
       3.11862915e+02, 2.28878021e+02, 3.01745880e+02, 2.95785004e+02,
       2.91521210e+02, 1.04713943e+02, 3.88105865e+02, 1.71829010e+02,
       3.77816528e+02, 2.38159561e+02, 3.67683075e+02, 3.04906036e+02,
       3.57090637e+02, 5.22265564e+02, 7.42626343e+01, 5.36402893e+02,
       1.39245132e+02, 5.50128174e+02, 2.03610870e+02, 5.63693359e+02,
       2.68172974e+02, 4.59671844e+02, 8.73055420e+01, 4.74000671e+02,
       1.52916580e+02, 4.87935852e+02, 2.17912384e+02, 5.02035583e+02,
       2.82841614e+02, 3.95803497e+02, 1.01104095e+02, 4.09917633e+02,
       1.67080215e+02, 4.24213959e+02, 2.32488953e+02, 4.38419922e+02,
       2.98084778e+02, 3.32660858e+02, 1.15183533e+02, 3.47024292e+02,
       1.81164246e+02, 3.61216858e+02, 2.46833115e+02, 3.75549042e+02,
       3.12373901e+02, 2.66853088e+02, 1.29503250e+02, 2.81516144e+02,
       1.95584030e+02, 2.95962982e+02, 2.61475616e+02, 3.10333557e+02,
       3.27324951e+02, 2.00098938e+02, 1.43756592e+02, 2.14711914e+02,
       2.10223648e+02, 2.29489792e+02, 2.76430969e+02, 2.44026627e+02,
       3.42542603e+02, 7.82740784e+01, 1.07959473e+02, 1.44472702e+02,
       9.27640381e+01, 2.11102737e+02, 7.80881653e+01, 2.78292053e+02,
       6.30498657e+01, 9.32147522e+01, 1.74974335e+02, 1.59736435e+02,
       1.60248383e+02, 2.26302597e+02, 1.45314178e+02, 2.93316223e+02,
       1.30631943e+02, 1.08071022e+02, 2.41825729e+02, 1.74978271e+02,
       2.26797363e+02, 2.41369431e+02, 2.12160614e+02, 3.08274689e+02,
       1.97189926e+02, 1.23180466e+02, 3.08313141e+02, 1.89785187e+02,
       2.93645477e+02, 2.56362518e+02, 2.78790466e+02, 3.23163879e+02,
       2.63744690e+02, 1.38117203e+02, 3.75023285e+02, 2.04693787e+02,
       3.60341858e+02, 2.70983490e+02, 3.45353668e+02, 3.37644501e+02,
       3.30203552e+02, 1.53037781e+02, 4.41099335e+02, 2.19495178e+02,
       4.26469269e+02, 2.85565338e+02, 4.11740723e+02, 3.52326843e+02,
       3.96479553e+02, 2.20324688e+01, 1.34540802e+02, 8.23895416e+01,
       1.08720100e+02, 1.45046722e+02, 8.27383881e+01, 2.06746857e+02,
       5.80157814e+01, 3.58961105e+01, 1.94169464e+02, 1.01486382e+02,
       1.66411957e+02, 1.63719406e+02, 1.41314331e+02, 2.29738327e+02,
       1.14369431e+02, 5.22455864e+01, 2.57210510e+02, 1.19647636e+02,
       2.29360153e+02, 1.86806717e+02, 2.01462479e+02, 2.52773697e+02,
       1.74758255e+02, 7.01294403e+01, 3.24627594e+02, 1.40959015e+02,
       2.95424835e+02, 2.09059250e+02, 2.67391113e+02, 2.78784393e+02,
       2.38737045e+02, 8.95901947e+01, 3.95454712e+02, 1.61559540e+02,
       3.66692719e+02, 2.33967026e+02, 3.35901154e+02, 3.04114868e+02,
       3.07490631e+02, 122., 459., 1.85967560e+02, 4.41769257e+02,
       2.59238373e+02, 4.12155945e+02, 3.33112854e+02, 3.80441284e+02,
       3.35944489e+02, 5.08593750e+01, 4.10416870e+02, 5.30724754e+01,
       4.86111237e+02, 5.55568123e+01, 5.59734741e+02, 5.82079582e+01,
       3.32328125e+02, 1.25748375e+02, 4.05394135e+02, 1.28615189e+02,
       4.79713501e+02, 1.31947159e+02, 5.52783813e+02, 1.35155090e+02,
       3.29209351e+02, 1.97518555e+02, 4.00540039e+02, 2.01354462e+02,
       4.73666260e+02, 2.05224884e+02, 5.45787964e+02, 2.09139343e+02,
       3.26260834e+02, 2.65774414e+02, 3.96389526e+02, 2.70483429e+02,
       4.67742279e+02, 2.75163025e+02, 5.38342224e+02, 2.79841278e+02,
       3.23471313e+02, 3.32041290e+02, 3.92284851e+02, 3.37408112e+02,
       4.62264587e+02, 3.42670929e+02, 5.31137939e+02, 3.47910767e+02,
       3.20583252e+02, 3.95651062e+02, 3.88153687e+02, 4.01606049e+02,
       4.56537567e+02, 4.07485748e+02, 5.23981812e+02, 4.12868378e+02,
       3.66505951e+02, 2.07955093e+01, 3.99390381e+02, 8.04529114e+01,
